1 0
1 0
1.0018 0
1.0018 0
1.0018 0
1.002 0
1.002 0
1.0036 0
1.0036 0
1.0036 0
1.1 1880000
1.2 2000000
1.3 2000000
1.4016 1968503.93700788
1.5016 1968503.93700788
1.6016 1968503.93700788
1.7016 1968503.93700788
1.8016 1968503.93700788
1.9016 1968503.93700788
2.0016 1968503.93700789
2.1016 1968503.93700788
2.2016 1968503.93700788
2.3016 1968503.93700788
2.4016 1968503.93700788
2.5016 1968503.93700789
2.6016 1968503.93700789
2.7016 1968503.93700789
2.8016 1968503.93700789
2.9016 1968503.93700789
3.0016 1968503.9370079
3.1016 1968503.9370079
3.2016 1968503.9370079
3.3016 1968503.9370079
3.4016 1968503.9370079
3.5016 1968503.93700791
3.6016 1968503.93700791
3.7016 1968503.93700791
3.8016 1968503.93700791
3.9016 1968503.93700791
4.0016 1968503.93700792
4.1016 1968503.9370079
4.2016 1968503.9370079
4.3016 1968503.9370079
4.4016 1968503.93700788
4.5016 1968503.93700788
4.6016 1968503.93700787
4.7 1999999.99999999
4.8 1999999.99999999
4.9 1999999.99999997
5 1999999.99999997
5.1 1399999.99999998
5.2 1479999.99999997
5.3 1919999.99999996
5.4 1679999.99999995
5.5 1919999.99999994
5.6 1839999.99999994
5.7 1639999.99999993
5.8 2239999.99999991
5.9 1919999.9999999
6 1719999.99999991
6.1 1479999.99999993
6.2 1639999.9999999
6.3 1759999.9999999
6.4 1719999.99999988
6.5 1839999.99999988
6.6 1559999.99999989
6.7 1719999.99999987
6.8 2159999.99999984
6.9 1639999.99999986
7 1839999.99999984
7.1 1639999.99999986
7.2 2039999.99999981
7.3 1639999.99999985
7.4 1679999.99999983
7.5 1479999.99999985
7.6 1839999.99999981
7.7 2239999.99999975
7.8 1759999.9999998
7.9 1639999.9999998
8 2039999.99999975
8.1 1639999.9999998
8.2 1919999.99999977
8.3 1399999.99999981
8.4 1879999.99999974
8.5 1959999.99999973
8.6 1679999.99999977
8.7 1839999.99999975
8.8 1839999.99999971
8.9 1519999.99999976
9 1439999.99999977
9.1 2039999.99999968
9.2 1479999.99999977
9.3 1839999.99999968
9.4 1839999.99999968
9.5 1759999.99999969
9.6 1999999.99999965
9.7 1719999.9999997
9.8 1919999.99999963
9.9 1479999.99999972
10 1959999.99999962
10.1 1919999.99999963
10.2 1839999.99999965
10.3 1999999.99999958
10.4 1839999.99999961
10.5 1879999.99999961
10.6 1759999.99999963
10.7 1799999.99999962
10.8 1759999.9999996
10.9 1919999.99999956
11 1799999.99999959
11.1 1919999.99999956
11.2 1759999.9999996
11.3 1679999.99999959
11.4 1759999.99999957
11.5 1999999.99999951
11.6 1759999.99999957
11.7 2079999.99999949
11.8 1919999.9999995
11.9 1759999.99999954
12 1839999.99999952
12.1 1639999.99999957
12.2 1879999.99999951
12.3 1639999.99999954
12.4 2039999.99999943
12.5 1439999.9999996
12.6 1679999.99999953
12.7 1479999.99999958
12.8 1839999.99999945
12.9 1839999.99999945
13 1759999.99999947
13.1 1879999.99999944
13.2 1799999.99999946
13.3 1999999.99999937
13.4 1999999.99999937
13.5 1679999.99999947
13.6 1919999.99999939
13.7 1559999.99999951
13.8 1919999.99999936
13.9 1919999.99999936
14 1759999.99999941
14.1 1959999.99999935
14.2 1639999.99999945
14.3 1799999.99999937
14.4 1759999.99999938
14.5 1999999.9999993
14.6 1839999.99999935
14.7 1919999.99999932
14.8 1999999.99999926
14.9 1599999.99999941
15 1919999.99999929
15.1 1759999.99999935
15.2 1719999.99999936
15.3 1919999.99999926
15.4 1719999.99999933
15.5 1359999.99999947
15.6 1839999.99999929
15.7 1599999.99999938
15.8 1679999.99999932
15.9 1959999.99999921
16 1719999.9999993
16.1 1799999.99999924
16.2 1999999.99999919
16.3 1879999.99999924
16.4 1959999.99999928
16.5 1679999.99999938
16.6 1839999.99999932
16.7 1839999.99999939
16.8 1759999.99999941
16.9 1999999.9999994
17 1679999.9999995
17.1 1959999.99999942
17.2 1479999.99999961
17.3 1959999.99999948
17.4 1839999.99999958
17.5 1919999.99999956
17.6 1919999.99999956
17.7 1839999.99999965
17.8 1919999.99999963
17.9 1799999.99999972
18 1679999.99999974
18.1 1839999.99999971
18.2 1599999.99999981
18.3 2079999.99999975
18.4 1519999.99999987
18.5 1639999.99999986
18.6 1599999.99999986
18.7 1759999.99999991
18.8 1639999.99999992
18.9 1999999.99999997
19 1759999.99999998
19.1 1759999.99999998
19.200093 2038104.56275669
19.300163 1956810.39904958
19.400064 1758874.32043499
19.500589 1868991.63924493
19.600096 1638427.10997453
19.700248 1835448.08874011
19.800176 1956556.46062948
19.900003 1759947.20158412
20.000056 1918925.40177524
20.100509 1711289.5362607
20.200696 1708111.54365641
20.300357 1793596.85921288
20.400035 2039286.24981296
20.500176 1716978.11851177
20.600123 1997543.02208326
20.700069 1918676.11348215
20.800003 1759947.20158437
20.900163 1837005.68074088
21.000264 1675576.47809825
21.100264 1835155.19029815
21.200856 1824383.27913115
21.300149 1837262.47890698
21.400211 1317220.66439857
21.50064 1828298.88712302
21.600003 1479955.60133247
21.700163 1837005.68074107
21.8002 1836327.34531008
21.900264 1755365.83419842
22.000037 1919289.86275159
22.100696 1867005.64074125
22.200264 1875049.86834837
22.300197 1916225.0366786
22.400176 1716978.11851225
22.500003 1839944.80165685
22.600603 1749450.81160689
22.700064 1758874.3204358
22.800376 2072208.49605592
22.90064 1669316.37519964
23.000696 1986176.21355473
23.100264 1476103.08784893
23.200363 1952910.93331322
23.300056 1798992.56416512
23.400216 1915861.73864569
23.500269 1914849.05604046
23.60032 1834130.78150037
23.700269 1994634.43337555
23.800293 1595325.69571263
23.900531 1909858.65056678
24.000069 1718814.01832855
24.100064 1678925.48768908
24.200056 1998880.62685041
24.300528 1591596.37116145
24.400123 1558083.55722578
24.500053 1679110.07166329
24.600429 1672823.5868139
24.700035 1679412.20572934
24.800856 1983025.30340447
24.900064 1718899.90406281
25.000309 1874208.69513358
25.100229 1955521.85495385
25.200056 1838970.17670264
25.300109 1877953.03119767
25.400064 1758874.32043649
25.500643 1788499.945353
25.6008 1746031.74603335
25.700357 1913169.9831619
25.800141 1797465.57354302
25.900203 1956029.26060284
26.000003 1719948.40154965
26.100376 1673706.86219978
26.200187 1756714.94305826
26.300264 1994733.90249947
26.400264 1755365.83419953
26.500803 2063430.65186765
26.600637 1907847.01451956
26.700528 1750756.00827821
26.800176 1836767.28957235
26.900064 1638951.07131617
27.000376 1872957.67912859
27.100477 1632214.33761142
27.200696 2025899.73782704
27.300056 1439194.05133291
27.400264 1675576.47809979
27.500035 1479482.18123833
27.600176 1836767.28957255
27.700336 1833838.30330314
27.800037 1759349.04085706
27.9002 1876247.50499233
28.000483 1791347.79017573
28.10008 1998401.2789794
28.200264 1994733.90249997
28.300477 1672024.44340712
28.400381 1912712.5651294
28.500136 1557881.28145928
28.600003 1919942.40173052
28.700056 1918925.40177762
28.800264 1755365.83420016
28.900064 1958746.40230524
29.000264 1635681.80005015
29.100016 1799712.04607518
29.200283 1755033.25588837
29.300064 1998720.81867896
29.400283 1834807.49479239
29.500003 1919942.40173079
29.600133 1997343.53310396
29.700264 1595787.12200031
29.800064 1918771.98593194
29.900507 1751121.81241373
30.000248 1715744.95252042
30.100069 1918676.11348467
30.200109 1718127.24130966
30.300304 1355878.13048547
30.400069 1838731.27542294
30.500216 1596551.44887299
30.600669 1668835.49057081
30.700976 1941055.30027253
30.8008 1706349.20635204
30.900088 1798417.39269744
31.000043 2039123.17703729
31.100069 1838731.27542307
31.200016 1959686.45017131
31.300056 1679059.72655602
31.400323 1834075.93473401
31.500264 1835155.19030081
31.600749 1746915.60214304
31.700528 1989495.46395392
31.80096 1664025.35657984
31.900016 1959686.45017152
32.000269 1476029.48069958
32.1002 1956087.82435489
32.200104 1838088.38807976
32.300429 1911798.3849322
32.400483 1910770.9761886
32.50064 1828298.88712593
32.600693 1906785.97320932
32.700963 1782831.33425455
32.800064 1678925.48769116
32.900056 1838970.17670466
33.000264 1595787.12200105
33.100064 2078669.65142715
33.200357 1514592.90333817
33.300003 1639950.80147932
33.40048 1592356.68790128
33.500424 1752569.10698991
33.600256 1675710.18193766
33.700176 1956556.46063336
33.800003 1759947.20158769
33.900064 1758874.32043861
34.000093 2038104.56276095
34.100163 1956810.39905367
34.200064 1758874.32043874
34.300589 1868991.63924882
34.400096 1638427.10997802
34.500248 1835448.08874395
34.600176 1956556.46063364
34.700003 1759947.20158781
34.800056 1918925.40177933
34.900509 1711289.53626426
35.000696 1708111.54366002
35.100357 1793596.85921663
35.200035 2039286.24981723
35.300176 1716978.11851536
35.400123 1997543.02208745
35.500069 1918676.1134861
35.600003 1759947.20158806
35.700163 1837005.68074466
35.800264 1675576.47810181
35.900264 1835155.19030199
36.000856 1824383.27913501
36.100149 1837262.47891083
36.200211 1317220.66440127
36.30064 1828298.88712683
36.400003 1479955.60133563
36.500163 1837005.68074492
36.6002 1836327.34531392
36.700264 1755365.83420215
36.800037 1919289.86275555
36.900696 1867005.64074507
37.000264 1875049.86835229
37.100197 1916225.03668261
37.200176 1716978.11851585
37.300003 1839944.80166077
37.400603 1749450.8116106
37.500064 1758874.32043949
37.600376 2072208.49606032
37.70064 1669316.37520311
37.800696 1986176.21355887
37.900264 1476103.08785201
38.000363 1952910.9333173
38.100056 1798992.56416888
38.200216 1915861.73864976
38.300269 1914849.05604446
38.40032 1834130.7815042
38.500269 1994634.43337965
38.600293 1595325.69571596
38.700531 1909858.65057083
38.800069 1718814.01833215
38.900064 1678925.48769259
39.000056 1998880.6268546
39.100528 1591596.37116482
39.200123 1558083.55722909
39.300053 1679110.07166686
39.400429 1672823.58681734
39.500035 1679412.20573291
39.600856 1983025.30340859
39.700064 1718899.90406647
39.800309 1874208.69513756
39.900229 1955521.85495787
40.000056 1838970.17670649
40.100109 1877953.03120153
40.200064 1758874.32044023
40.300643 1788499.94535673
40.4008 1746031.74603705
40.500357 1913169.9831659
40.600141 1797465.57354678
40.700203 1956029.26060693
40.800003 1719948.40155331
40.900376 1673706.86220328
41.000187 1756714.943062
41.100264 1994733.90250357
41.200264 1755365.83420327
41.300803 2063430.65187194
41.400637 1907847.01452347
41.500528 1750756.0082818
41.600176 1836767.28957626
41.700064 1638951.07131966
41.800376 1872957.6791325
41.900477 1632214.33761483
42.000696 2025899.73783133
42.100056 1439194.05133593
42.200264 1675576.47810336
42.300035 1479482.18124143
42.400176 1836767.28957639
42.500336 1833838.30330704
42.600037 1759349.04086075
42.7002 1876247.50499626
42.800483 1791347.79017947
42.90008 1998401.27898352
43.000264 1994733.90250414
43.100477 1672024.44341067
43.200381 1912712.56513339
43.300136 1557881.28146254
43.400003 1919942.40173461
43.500056 1918925.40178164
43.600264 1755365.83420376
43.700064 1958746.40230942
43.800264 1635681.80005362
43.900016 1799712.04607896
44.000283 1755033.25589198
44.100064 1998720.81868308
44.200283 1834807.49479629
44.300003 1919942.40173489
44.400133 1997343.53310821
44.500264 1595787.12200365
44.600064 1918771.98593589
44.700507 1751121.81241738
44.800248 1715744.95252395
44.900069 1918676.11348869
45.000109 1718127.24131326
45.100251 319198.810985605
45.200091 0
45.300533 0
45.400259 0
45.500099 0
45.600541 0
45.700157 0
45.800107 0
45.900304 0
46.000144 0
46.100299 0
46.200139 0
46.300088 0
46.400307 0
46.500147 0
46.600229 0
46.700069 0
46.800197 0
46.900037 0
47.000013 0
47.100205 0
47.200045 0
47.300488 0
47.400104 0
47.500053 0
47.600251 0
47.700405 0
47.800245 0
47.900085 0
48.000413 0
48.100253 0
48.200093 0
48.300176 0
48.400016 0
48.500144 0
48.600587 0
48.700312 0
48.800152 0
48.900595 0
49.000101 0
49.100051 0
49.200357 0
49.300512 0
49.400352 0
49.500192 0
49.600032 0
49.70036 0
49.8002 0
49.90004 0
49.999765 0
