1 0
1.0018 0
1.5016 1969696.96969697
2.0016 1993620.41467305
2.5016 1993620.41467305
3.0016 1993620.41467305
3.5016 1993620.41467305
4.0016 1993620.41467305
4.5016 1993620.41467305
5.001064 1995753.03753612
5.500187 1127578.28572114
6.000011 983978.352476246
6.500371 1007252.61855703
7.000075 1399790.03149528
7.500373 975272.446754721
8.000328 975360.163732592
8.500008 975984.384249853
9.000021 967959.34570748
9.500064 983874.064119793
10.000045 975912.167904888
10.500064 975875.087988737
11.000256 975500.543721614
11.500163 975681.927691571
12.000112 967783.216559491
12.500032 975937.539997442
13.000203 975603.904814644
13.500107 975791.180687333
14.000061 983879.966644068
14.500075 967854.821776732
15.000645 974742.58206913
15.500099 983805.206569098
16.000091 967823.856058195
16.500309 983392.263581104
17.000216 975578.550066368
17.500165 967680.665380426
18.000064 975875.087988741
18.500256 975500.543721614
19.000163 975681.927691571
19.500115 975775.571618526
20.000128 975750.207946765
20.500699 974637.456835342
21.000192 975625.359861816
21.500144 975718.992930038
22.000093 975818.497759417
22.500264 983480.722178687
23.000219 967576.201623686
23.500064 975875.087988741
24.000309 975397.204527599
24.500216 975578.550066368
25.000165 967680.665380426
25.500181 983643.920900631
26.000752 974534.300412183
26.500064 975875.087988741
27.000085 975834.108201609
27.500147 975713.140336744
28.000096 975812.643972359
28.500176 975656.568887752
29.000035 975931.684782064
29.500363 975291.938052973
30.000264 975484.943949592
30.500219 967576.201623686
31.000064 975875.087988741
31.500264 983480.722178687
32.000064 975875.087988734
32.500168 975672.174149482
33.000181 967649.710804693
33.500149 983706.855357103
34.000056 975890.700241572
34.500008 975984.38424985
35.000021 975959.009721598
35.500264 975484.943949592
36.000272 967473.69431029
36.500035 975931.684782071
37.000264 983480.722178687
37.500539 966957.619685972
38.000192 983622.289041011
38.500235 967545.25373074
39.000805 974431.165823026
39.500109 983785.53475342
40.000061 975880.942525007
40.500075 975853.621956702
41.000264 975484.943949592
41.500325 967371.208714342
42.000008 975984.38424985
42.500021 975959.009721598
43.000592 974845.782593414
43.500064 975875.087988734
44.000037 975927.781344183
44.500859 974326.107746894
45.000064 975875.087988734
45.500011 95997.8880464629
46.000589 0
46.500032 0
47.000035 0
47.500368 0
48.000277 0
48.500275 0
49.00032 0
49.500323 0
49.999765 0
