1 0
1.0018 0
1.5016 0
2.0016 0
2.5016 0
3.0016 0
3.5016 0
4.0016 0
4.5016 0
5.001064 0
5.500187 1830355.4470628
6.000011 2013395.70529448
6.500371 1995319.47295107
7.000075 1364275.3586962
7.500373 2011939.0934363
8.000328 2028749.14056379
8.500008 2030047.51923969
9.000021 2029994.74022091
9.500064 2013182.31266398
10.000045 2029897.30924217
10.500064 2013182.31266398
11.000256 2029041.13094096
11.500163 2029418.40959847
12.000112 2029625.36391848
12.500032 2013311.14808653
13.000203 2029256.12201446
13.500107 2013009.21602777
14.000061 2029832.36045202
14.500075 2029775.53366995
15.000645 2027464.57070379
15.500099 2013041.41779927
16.000091 2029710.59267213
16.500309 2012196.46258612
17.000216 2029203.38413805
17.500165 2029410.29460278
18.000064 2013182.31266399
18.500256 2029041.13094096
19.000163 2029418.40959847
19.500115 2012977.01528648
20.000128 2029560.43252927
20.500699 2027245.91021751
21.000192 2012667.13581985
21.500144 2029495.50529448
22.000093 2013065.56980402
22.500264 2029008.68341515
23.000219 2029191.21424815
23.500064 2013182.31266399
24.000309 2028826.18541741
24.500216 2029203.38413805
25.000165 2029410.29460278
25.500181 2012711.39847375
26.000752 2027031.34485734
26.500064 2013182.31266399
27.000085 2029734.94505935
27.500147 2012848.22262256
28.000096 2029690.29946251
28.500176 2012731.51850549
29.000035 2029937.90434669
29.500363 2028607.23115018
30.000264 2029008.68341515
30.500219 2029191.21424815
31.000064 2013182.31266399
31.500264 2029008.68341515
32.000064 2013182.31266397
32.500168 2029398.12223092
33.000181 2029345.37697354
33.500149 2012840.17362826
34.000056 2029852.65650247
34.500008 2013407.78547543
35.000021 2029994.74022092
35.500264 2029008.68341515
36.000272 2028976.2369271
36.500035 2013299.06906518
37.000264 2029008.68341515
37.500539 2027893.93034308
38.000192 2012667.13581985
38.500235 2029126.31063399
39.000805 2026816.82491189
39.500109 2013001.16574586
40.000061 2013194.39028438
40.500075 2029775.53366994
41.000264 2029008.68341515
41.500325 2028761.30515167
42.000008 2013407.78547543
42.500021 2029994.74022092
43.000592 2027679.2277943
43.500064 2013182.31266397
44.000037 2029929.7851959
44.500859 2026598.30411354
45.000064 2013182.31266397
45.500011 2795458.499913
46.000589 2925194.12132509
46.500032 2945091.51414311
47.000035 2911796.17426782
47.500368 2959741.63016019
48.000277 2893756.8587003
48.500275 2960291.83948827
49.00032 2943396.22641508
49.500323 2910120.06243965
49.999765 2946664.9325183
