1 0
1.0018 0
1.5016 0
2.0016 0
2.5016 0
3.0016 0
3.5016 0
4.0016 0
4.5016 0
5.001064 0
5.500075 948977.653351997
6.000808 996789.188671107
6.500541 997320.898787512
7.000003 1015033.90979654
7.500008 998384.025855586
8.000075 998250.262460629
8.500309 997783.369877416
9.000043 998314.144983532
9.500381 997639.798473561
10.000115 998170.420803217
10.500181 998038.709986986
11.000912 1013191.93790526
11.500648 980489.285885492
12.000109 1014818.76950825
12.500099 998202.355933524
13.000032 998336.106489186
13.500032 998336.106489186
14.000299 997803.313618456
14.500821 996763.314637365
15.000221 997958.902165243
15.500288 997825.252654472
16.000021 998358.068961103
16.500755 996894.689019577
17.000264 997873.122991058
17.500205 1014624.00415829
18.000288 997825.252654469
18.500021 998358.068961103
19.000256 997889.080790635
19.500488 997426.511724555
20.000328 997745.478965799
20.500395 997611.886609576
21.000128 998144.475014396
21.500859 1013299.15205677
22.000595 980593.09421788
22.500056 1014926.32825123
23.000045 998310.152086312
23.500128 998144.475014396
24.000093 998214.332134224
24.500096 998208.343997954
25.000768 996868.809508593
25.500168 998064.650277509
26.000235 997930.972442952
26.5006 997203.355972835
27.000699 1013622.95510876
27.500432 997538.127058222
28.000165 998070.636689894
28.500085 998230.300848859
29.000064 998272.221155696
29.500352 997697.620874905
30.000435 997532.147032083
30.500168 998064.650277509
31.000008 998384.025855584
31.500075 998250.262460633
32.000808 996789.188671109
32.500541 997320.898787515
33.000275 997851.181849979
33.500008 1015023.75961984
34.000075 998250.262460626
34.500309 997783.369877413
35.000323 997755.44997931
35.500381 997639.798473569
36.000115 998170.420803213
36.500181 998038.709986989
37.000912 1013191.93790526
37.500645 997113.72329695
38.000109 998182.396237616
38.500099 998202.355933528
39.000032 998336.10648919
39.500048 998304.162800372
40.000149 998102.565435499
40.500821 996763.314637362
41.000221 997958.902165236
41.500288 997825.252654476
42.000021 998358.06896111
42.500755 996894.689019584
43.000264 997873.122991058
43.500205 1014624.00415829
44.000288 997825.252654476
44.500021 998358.06896111
45.000256 997889.080790635
45.500003 2878702.72778364
46.000093 2961369.18533153
46.500133 2944496.76386082
47.000493 2909131.59624611
47.500224 2943961.10542475
48.000291 2910306.20179057
48.500272 2960309.59158216
49.000203 2894184.96090588
49.500179 2960860.01211565
49.999867 2946063.65293167
