1.0018 0
2.0016 0
3.0016 0
4.0016 0
5.001064 0
6.000808 0.078125
7.000003 0.016260162601626
8.000075 0.00826446280991736
9.000043 0.0163934426229508
10.000115 0.00826446280991736
11.000912 0.016260162601626
12.000109 0.00826446280991736
13.000032 0.0163934426229508
14.000299 0.0163934426229508
15.000221 0.00826446280991736
16.000021 0.0163934426229508
17.000264 0.00826446280991736
18.000288 0.016260162601626
19.000256 0.0163934426229508
20.000328 0.00826446280991736
21.000128 0.0163934426229508
22.000595 0.00826446280991736
23.000045 0.016260162601626
24.000093 0.00826446280991736
25.000768 0.0163934426229508
26.000235 0.0163934426229508
27.000699 0.00819672131147541
28.000165 0.0163934426229508
29.000064 0.00826446280991736
30.000435 0.0163934426229508
31.000008 0.0163934426229508
32.000808 0.00826446280991736
33.000275 0.0163934426229508
34.000075 0.00819672131147541
35.000323 0.0163934426229508
36.000115 0.00826446280991736
37.000912 0.016260162601626
38.000109 0.0163934426229508
39.000032 0.00826446280991736
40.000149 0.0163934426229508
41.000221 0.00826446280991736
42.000021 0.0163934426229508
43.000264 0.0163934426229508
44.000288 0.00819672131147541
45.000256 0.0163934426229508
46.000093 0.00847457627118644
47.000493 0.00845070422535211
48.000291 0.00845070422535211
49.000203 0.00845070422535211
49.999867 0.00837988826815642
