1 0
1.0018 0
1.5016 1969696.96969697
2.0016 1993620.41467305
2.5016 1993620.41467305
3.0016 1993620.41467305
3.5016 1993620.41467305
4.0016 1993620.41467305
4.5016 1993620.41467305
5.001064 1995753.03753612
5.500075 1991701.24481328
6.000808 1996773.21448539
6.500541 1997838.33891729
7.000003 1991988.04807171
7.500008 1999968.00051199
8.000075 1999700.04499325
8.500309 2006759.82242974
9.000043 1999828.01479073
9.500381 1998477.16040377
10.000115 1999540.10577567
10.500181 1999276.26199316
11.000912 1988373.20726994
11.500648 2005401.00030361
12.000109 1991565.83864717
12.500099 1999604.07839248
13.000032 1999872.00819148
13.500032 1999872.00819148
14.000299 2006799.93363968
14.500821 1996721.38348831
15.000221 1999116.39055538
15.500288 1998848.66317002
16.000021 1999916.00352785
16.500755 1996984.55332447
17.000264 1990948.77904466
17.500205 1999180.33606221
18.000288 1998848.66317001
18.500021 1999916.00352785
19.000256 2006972.43011578
19.500488 1998049.90329438
20.000328 1998688.86010777
20.500395 1998421.2472147
21.000128 1999488.13103845
21.500859 1988583.61335227
22.000595 2005613.32014902
22.500056 1991776.92098485
23.000045 1999820.01619854
23.500128 1999488.13103845
24.000093 2007626.58145585
24.500096 1999616.07371385
25.000768 1996932.71135536
25.500168 1999328.22571616
26.000235 1999060.44159245
26.5006 1997602.87654815
27.000699 1989219.07173771
27.500432 1998273.49170317
28.000165 1999340.21772815
28.500085 1999660.05779018
29.000064 1999744.03276381
29.500352 2006587.3624968
30.000435 1998261.51248414
30.500168 1999328.22571616
31.000008 1999968.00051199
31.500075 1999700.04499326
32.000808 1996773.21448539
32.500541 1997838.3389173
33.000272 1990916.94118399
33.500008 1999968.00051199
34.000075 1999700.04499324
34.500309 2006759.82242973
35.000323 1998708.83409317
35.500381 1998477.16040378
36.000115 1999540.10577567
36.500181 1999276.26199317
37.000912 1988373.20726994
37.500645 1997423.32391216
38.000109 1999564.09502728
38.500099 1999604.07839248
39.000032 1999872.00819149
39.500048 2007807.25050395
40.000149 1999404.17755509
40.500821 1996721.3834883
41.000221 1999116.39055536
41.500288 1998848.66317002
42.000021 1991916.33951375
42.500755 2012960.42975108
43.000264 1982953.00081556
43.500205 1999180.33606221
44.000288 1998848.66317002
44.500021 1999916.00352787
45.000256 2006972.43011578
45.500003 31999.808001152
46.000093 0
46.500133 0
47.000493 0
47.500224 0
48.000291 0
48.500272 0
49.000203 0
49.500179 0
49.999867 0
